structure(list(country = structure(c(2L, 2L, 2L, 2L, 2L, 2L, 
2L, 2L, 2L, 2L, 2L, 2L, 4L, 4L, 4L, 4L, 4L, 4L, 4L, 4L, 4L, 4L, 
4L, 4L, 1L, 1L, 1L, 1L, 1L, 1L, 1L, 1L, 1L, 1L, 1L, 1L, 3L, 3L, 
3L, 3L, 3L, 3L, 3L, 3L, 3L, 3L, 3L, 3L), .Label = c("Rwanda", 
"Algeria", "Thailand", "Canada"), class = "factor", scores = structure(c(43.077, 
68.75, 23.599, 50.848), .Dim = 4L, .Dimnames = list(c("Algeria", 
"Canada", "Rwanda", "Thailand")))), year = c(1952L, 1957L, 1962L, 
1967L, 1972L, 1977L, 1982L, 1987L, 1992L, 1997L, 2002L, 2007L, 
1952L, 1957L, 1962L, 1967L, 1972L, 1977L, 1982L, 1987L, 1992L, 
1997L, 2002L, 2007L, 1952L, 1957L, 1962L, 1967L, 1972L, 1977L, 
1982L, 1987L, 1992L, 1997L, 2002L, 2007L, 1952L, 1957L, 1962L, 
1967L, 1972L, 1977L, 1982L, 1987L, 1992L, 1997L, 2002L, 2007L
), pop = c(9279525, 10270856, 11000948, 12760499, 14760787, 17152804, 
20033753, 23254956, 26298373, 29072015, 31287142, 33333216, 14785584, 
17010154, 18985849, 20819767, 22284500, 23796400, 25201900, 26549700, 
28523502, 30305843, 31902268, 33390141, 2534927, 2822082, 3051242, 
3451079, 3992121, 4657072, 5507565, 6349365, 7290203, 7212583, 
7852401, 8860588, 21289402, 25041917, 29263397, 34024249, 39276153, 
44148285, 48827160, 52910342, 56667095, 60216677, 62806748, 65068149
), continent = structure(c(1L, 1L, 1L, 1L, 1L, 1L, 1L, 1L, 1L, 
1L, 1L, 1L, 2L, 2L, 2L, 2L, 2L, 2L, 2L, 2L, 2L, 2L, 2L, 2L, 1L, 
1L, 1L, 1L, 1L, 1L, 1L, 1L, 1L, 1L, 1L, 1L, 3L, 3L, 3L, 3L, 3L, 
3L, 3L, 3L, 3L, 3L, 3L, 3L), .Label = c("Africa", "Americas", 
"Asia"), class = "factor"), lifeExp = c(43.077, 45.685, 48.303, 
51.407, 54.518, 58.014, 61.368, 65.799, 67.744, 69.152, 70.994, 
72.301, 68.75, 69.96, 71.3, 72.13, 72.88, 74.21, 75.76, 76.86, 
77.95, 78.61, 79.77, 80.653, 40, 41.5, 43, 44.1, 44.6, 45, 46.218, 
44.02, 23.599, 36.087, 43.413, 46.242, 50.848, 53.63, 56.061, 
58.285, 60.405, 62.494, 64.597, 66.084, 67.298, 67.521, 68.564, 
70.616), gdpPercap = c(2449.008185, 3013.976023, 2550.81688, 
3246.991771, 4182.663766, 4910.416756, 5745.160213, 5681.358539, 
5023.216647, 4797.295051, 5288.040382, 6223.367465, 11367.16112, 
12489.95006, 13462.48555, 16076.58803, 18970.57086, 22090.88306, 
22898.79214, 26626.51503, 26342.88426, 28954.92589, 33328.96507, 
36319.23501, 493.3238752, 540.2893983, 597.4730727, 510.9637142, 
590.5806638, 670.0806011, 881.5706467, 847.991217, 737.0685949, 
589.9445051, 785.6537648, 863.0884639, 757.7974177, 793.5774148, 
1002.199172, 1295.46066, 1524.358936, 1961.224635, 2393.219781, 
2982.653773, 4616.896545, 5852.625497, 5913.187529, 7458.396327
)), .Names = c("country", "year", "pop", "continent", "lifeExp", 
"gdpPercap"), class = "data.frame", row.names = c(NA, -48L))
