structure(list(country = structure(c(1L, 1L, 1L, 1L, 1L, 1L, 
1L, 1L, 1L, 1L, 1L, 1L, 2L, 2L, 2L, 2L, 2L, 2L, 2L, 2L, 2L, 2L, 
2L, 2L, 3L, 3L, 3L, 3L, 3L, 3L, 3L, 3L, 3L, 3L, 3L, 3L, 4L, 4L, 
4L, 4L, 4L, 4L, 4L, 4L, 4L, 4L, 4L, 4L, 5L, 5L, 5L, 5L, 5L, 5L, 
5L, 5L, 5L, 5L, 5L, 5L), .Label = c("Afghanistan", "Canada", 
"Iceland", "Japan", "Sweden"), class = "factor"), year = c(1952L, 
1957L, 1962L, 1967L, 1972L, 1977L, 1982L, 1987L, 1992L, 1997L, 
2002L, 2007L, 1952L, 1957L, 1962L, 1967L, 1972L, 1977L, 1982L, 
1987L, 1992L, 1997L, 2002L, 2007L, 1952L, 1957L, 1962L, 1967L, 
1972L, 1977L, 1982L, 1987L, 1992L, 1997L, 2002L, 2007L, 1952L, 
1957L, 1962L, 1967L, 1972L, 1977L, 1982L, 1987L, 1992L, 1997L, 
2002L, 2007L, 1952L, 1957L, 1962L, 1967L, 1972L, 1977L, 1982L, 
1987L, 1992L, 1997L, 2002L, 2007L), pop = c(8425333, 9240934, 
10267083, 11537966, 13079460, 14880372, 12881816, 13867957, 16317921, 
22227415, 25268405, 31889923, 14785584, 17010154, 18985849, 20819767, 
22284500, 23796400, 25201900, 26549700, 28523502, 30305843, 31902268, 
33390141, 147962, 165110, 182053, 198676, 209275, 221823, 233997, 
244676, 259012, 271192, 288030, 301931, 86459025, 91563009, 95831757, 
100825279, 107188273, 113872473, 118454974, 122091325, 124329269, 
125956499, 127065841, 127467972, 7124673, 7363802, 7561588, 7867931, 
8122293, 8251648, 8325260, 8421403, 8718867, 8897619, 8954175, 
9031088), continent = structure(c(2L, 2L, 2L, 2L, 2L, 2L, 2L, 
2L, 2L, 2L, 2L, 2L, 1L, 1L, 1L, 1L, 1L, 1L, 1L, 1L, 1L, 1L, 1L, 
1L, 3L, 3L, 3L, 3L, 3L, 3L, 3L, 3L, 3L, 3L, 3L, 3L, 2L, 2L, 2L, 
2L, 2L, 2L, 2L, 2L, 2L, 2L, 2L, 2L, 3L, 3L, 3L, 3L, 3L, 3L, 3L, 
3L, 3L, 3L, 3L, 3L), .Label = c("Americas", "Asia", "Europe"), class = "factor"), 
    lifeExp = c(28.801, 30.332, 31.997, 34.02, 36.088, 38.438, 
    39.854, 40.822, 41.674, 41.763, 42.129, 43.828, 68.75, 69.96, 
    71.3, 72.13, 72.88, 74.21, 75.76, 76.86, 77.95, 78.61, 79.77, 
    80.653, 72.49, 73.47, 73.68, 73.73, 74.46, 76.11, 76.99, 
    77.23, 78.77, 78.95, 80.5, 81.757, 63.03, 65.5, 68.73, 71.43, 
    73.42, 75.38, 77.11, 78.67, 79.36, 80.69, 82, 82.603, 71.86, 
    72.49, 73.37, 74.16, 74.72, 75.44, 76.42, 77.19, 78.16, 79.39, 
    80.04, 80.884), gdpPercap = c(779.4453145, 820.8530296, 853.10071, 
    836.1971382, 739.9811058, 786.11336, 978.0114388, 852.3959448, 
    649.3413952, 635.341351, 726.7340548, 974.5803384, 11367.16112, 
    12489.95006, 13462.48555, 16076.58803, 18970.57086, 22090.88306, 
    22898.79214, 26626.51503, 26342.88426, 28954.92589, 33328.96507, 
    36319.23501, 7267.688428, 9244.001412, 10350.15906, 13319.89568, 
    15798.06362, 19654.96247, 23269.6075, 26923.20628, 25144.39201, 
    28061.09966, 31163.20196, 36180.78919, 3216.956347, 4317.694365, 
    6576.649461, 9847.788607, 14778.78636, 16610.37701, 19384.10571, 
    22375.94189, 26824.89511, 28816.58499, 28604.5919, 31656.06806, 
    8527.844662, 9911.878226, 12329.44192, 15258.29697, 17832.02464, 
    18855.72521, 20667.38125, 23586.92927, 23880.01683, 25266.59499, 
    29341.63093, 33859.74835)), row.names = c(NA, -60L), .Names = c("country", 
"year", "pop", "continent", "lifeExp", "gdpPercap"), class = "data.frame")
